100
5 1
3 1 4 1 5 9
2 7 1 8 2 9
4 8 15 16 23 42
400000 1
72167865 31191282 99916950 492067117 505181606 508928744
72167865 31191282 99916950 492067117 505181606 508928744
203255 351542 203619 265969 215597 400000
262806 1
0 0 0 0 0 1000000000
113334961 96998456 123460689 1326696 59368976 390336455
20365695 174369368 47971180 17569897 129033814 205735385
400000 1
0 0 0 0 0 1000000000
999999999 999999999 0 0 999999999 1000000000
197126363 379523890 30506669 386879550 537705621 651880343
400000 1
0 0 0 0 0 1000000000
999999999 999999999 0 0 999999999 1000000000
182345215 220460578 192788084 469294526 23308952 586264545
400000 1
799729295 604319677 78608691 754323749 449275586 913510112
999999999 999999999 0 0 999999999 1000000000
237698294 476034518 177447006 50611942 325496100 572038642
400000 1
0 0 0 0 0 1000000000
999999999 999999999 0 0 999999999 1000000000
166925387 526203552 22927275 441035122 704020475 755699599
400000 1
350857140 252661389 357107663 159716379 485710004 842469338
350857140 252661389 357107663 159716379 485710004 842469338
341380 67809 50846 310237 195985 400000
214846 1
3566323 349276285 374794952 159943388 205127216 427147906
704645022 218141602 158928056 609063936 608150648 883090511
118732790 121491027 530433584 355172352 535892448 582720987
400000 1
391237192 316686441 53876137 42275159 14986268 420939616
99179341 130762320 85341636 23303801 99566207 135552872
136214386 235517802 212689652 299702786 225513340 397307451
400000 1
0 0 0 0 0 1000000000
373056237 225467935 63315793 218670927 207780624 589902023
10514121 141385663 190714921 127308073 55779816 325551291
40118 1
0 0 0 0 0 1000000000
999999999 999999999 0 0 999999999 1000000000
133268321 689847816 706831055 127657061 373834751 994995384
400000 1
77061179 100006647 333858699 111285393 112385648 379184984
77061179 100006647 333858699 111285393 112385648 379184984
16989 223882 171318 45712 179060 400000
400000 1
0 0 0 0 0 1000000000
191838102 337857735 183316414 348105510 173117218 369487506
766625973 590663668 485814941 631245037 608228806 774679167
400000 1
446772346 182763777 190135006 119727736 209299076 475369978
446772346 182763777 190135006 119727736 209299076 475369978
397359 363039 271846 395376 189574 400000
298795 1
343448109 399597755 152646703 442594380 776153918 880966283
343448109 399597755 152646703 442594380 776153918 880966283
245985 198625 115663 189391 229615 298795
400000 1
64708929 25059750 61861617 1758373 5563174 65291161
64708929 25059750 61861617 1758373 5563174 65291161
219531 41326 252795 225950 339876 400000
400000 1
52943642 45523479 32932533 54314620 31274957 57556032
52943642 45523479 32932533 54314620 31274957 57556032
286834 104088 283606 228334 209326 400000
310230 1
0 0 0 0 0 1000000000
233393409 141593055 139462274 175799226 14481643 413483673
518489972 260959088 231331169 541336205 420900851 781115097
121497 1
59774792 168494074 96962922 248260396 480139287 487640118
59774792 168494074 96962922 248260396 480139287 487640118
25623 115256 74768 842 41980 121497
310230 1
343960621 75025259 337958877 323008327 559585476 652043640
343960621 75025259 337958877 323008327 559585476 652043640
99948 169987 218776 19687 23081 310230
400000 1
435291759 328924506 321691956 418589060 414296496 480863052
137641542 127989099 116153406 23592546 90952425 202697715
15295101 11836845 59150934 33205845 30151314 138454655
400000 1
438152189 155858843 89035997 398031089 139007784 843743698
999999999 999999999 0 0 999999999 1000000000
27989988 3610308 58029439 38782636 68577868 77871548
400000 1
407269390 602301291 588863576 574930612 330882336 664111740
407269390 602301291 588863576 574930612 330882336 664111740
334800 104783 220862 55566 368105 400000
400000 1
491424798 243274682 342029701 280106594 392212668 721748063
491424798 243274682 342029701 280106594 392212668 721748063
72437 205284 109930 215164 265384 400000
400000 1
368798662 47776663 204620242 84733864 162371615 384020324
368798662 47776663 204620242 84733864 162371615 384020324
388976 269004 158893 27367 75543 400000
40118 1
0 0 0 0 0 1000000000
401442049 528990112 19385958 17324909 554356877 561873750
35265147 35156965 131491301 8585923 31675910 182331879
310230 1
352965490 701076613 590533183 63325381 91509332 772384022
999999999 999999999 0 0 999999999 1000000000
730715695 238127126 368102165 44232379 7722007 779956807
34698 1
489272512 948260848 915504489 84447914 397813096 973265719
134743743 191098692 18063247 124580912 547602458 548745850
357596357 299088574 130748465 363620070 251540077 437145456
40118 1
490464529 440981768 218171343 666274223 559970468 824062993
490464529 440981768 218171343 666274223 559970468 824062993
36932 7430 6636 29286 14787 40118
365996 1
189494991 58313296 105931739 151544406 37053074 195371097
1039629 8602290 14159860 7644757 15551854 20531675
444109953 567892240 5077659 464800077 416847706 679269943
400000 1
554751 162018 91353 143399 25333 1228178
16183681 2342138 34543101 106642484 11089345 160882695
402111708 323856065 399699842 375675615 8984097 473483382
400000 1
72540194 111019966 113109868 65517547 23943960 116470642
72540194 111019966 113109868 65517547 23943960 116470642
109873 199179 141253 196156 159381 400000
400000 1
388857265 524437562 380868190 569047936 136248129 773127590
388857265 524437562 380868190 569047936 136248129 773127590
341911 166546 282946 33286 227078 400000
121497 1
518026764 349688480 248805870 456246459 590646766 677934906
999999999 999999999 0 0 999999999 1000000000
706191254 792928058 22486451 948279776 99355028 954760310
34698 1
0 0 0 0 0 1000000000
124626042 179360115 196036531 260584985 370279749 402540195
331689922 68948465 414481388 298644152 392118242 590559864
400000 1
0 0 0 0 0 1000000000
999999999 999999999 0 0 999999999 1000000000
328754780 685142307 658245427 501120863 815169370 990609902
400000 1
41418839 66770206 30101496 87901708 75852119 166446579
41418839 66770206 30101496 87901708 75852119 166446579
337932 137318 214326 233437 98435 400000
400000 1
35204817 174201459 228177821 283418367 233138199 496803209
35204817 174201459 228177821 283418367 233138199 496803209
139169 39767 115097 312502 115588 400000
400000 1
3827942 22931176 256396667 86816857 47550555 424547122
3827942 22931176 256396667 86816857 47550555 424547122
0 0 0 0 0 1
56452 1
380409713 108100366 63235421 338845593 302377112 394868114
252655261 502718141 31042949 64468128 431632352 526131936
162727556 86928155 303486061 178106112 144627757 464102612
278815 1
46584757 130845844 185188231 88266402 10867197 187268094
1948239 2262897 9844898 2173216 4115954 13167133
321044371 514829292 40908852 553907994 492464661 716202689
40118 1
317155574 610702548 556711745 741257583 860855385 996923103
999999999 999999999 0 0 999999999 1000000000
363829448 306099888 180004645 195397721 300444477 438514700
262806 1
46801659 112503629 116418323 44124757 34215805 171985955
999999999 999999999 0 0 999999999 1000000000
520123585 785953394 730724293 85812211 505882909 790336939
400000 1
67457235 228289674 136107285 5024684 204055095 246358717
206398045 382105567 153905104 668526977 484039809 748808707
37286277 20956486 15434688 2805473 1373711 44323919
400000 1
413482011 63446490 73249284 160373000 7525173 947788361
413482011 63446490 73249284 160373000 7525173 947788361
317625 358230 326965 298932 235816 400000
400000 1
640473704 79188891 58898318 567621219 661633649 829765508
640473704 79188891 58898318 567621219 661633649 829765508
121470 395897 17225 247645 264867 400000
40118 1
244817265 230566963 195352857 9568440 117377088 291123935
78098803 130404710 151962282 132834167 7203098 184464169
432371313 328678821 508347863 307809566 195954706 654764898
400000 1
219477775 61840797 230793543 78038181 242760618 261815324
219477775 61840797 230793543 78038181 242760618 261815324
17580 323742 306016 298423 38496 400000
400000 1
0 0 0 0 0 1
999999999 999999999 0 0 999999999 1000000000
0 0 0 0 0 1
1 1
0 0 0 0 0 1
0 0 0 0 0 1
0 0 0 0 0 1
400000 1
503261063 500408602 44966199 299288522 199210263 568496916
503261063 500408602 44966199 299288522 199210263 568496916
371846 14461 339629 77266 196646 400000
400000 1
22514200 11618447 25420519 18525885 4994501 26502033
579121482 33287129 696390423 581994606 78537921 825951394
78896983 551103120 194432242 482740180 312428760 779966476
400000 1
364832518 258668865 247720083 266619014 359712070 404786251
999999999 999999999 0 0 999999999 1000000000
345648158 676589169 122914077 702932873 181046323 725303704
400000 1
0 0 0 0 0 1000000000
999999999 999999999 0 0 999999999 1000000000
174359559 184533386 226423635 208396382 29057904 273839031
400000 1
63293103 19403286 13139506 98085736 148130226 154040185
63293103 19403286 13139506 98085736 148130226 154040185
312772 334292 221585 299935 356 400000
262806 1
249210797 256943519 37942994 117227245 237370956 431603340
249210797 256943519 37942994 117227245 237370956 431603340
55959 65134 98917 169629 229382 262806
298795 1
0 0 0 0 0 1000000000
999999999 999999999 0 0 999999999 1000000000
49492372 110034992 98267468 45222949 76681294 145029962
121497 1
0 0 0 0 0 1000000000
94712803 149335617 36745289 672827701 169861771 850877794
652448937 882701415 598196360 522019993 196181099 944507824
400000 1
423213788 273511463 813540284 131816702 551220516 918083326
423213788 273511463 813540284 131816702 551220516 918083326
69471 321108 309626 347148 227506 400000
400000 1
853121 2600935 7007289 21253216 21634563 28429809
999999999 999999999 0 0 999999999 1000000000
147119556 118919883 176516475 190679797 54431905 247921169
262806 1
0 0 0 0 0 1000000000
999999999 999999999 0 0 999999999 1000000000
133577811 43083729 89399670 24829988 302950038 814397508
121497 1
7622962 3122017 21066257 37803977 21852974 38286852
155569917 38620226 9167545 135915222 105844695 202551371
30106654 43434356 35042301 48587506 9043157 54708742
400000 1
81698482 146171476 303465496 264400473 282328276 398627565
81698482 146171476 303465496 264400473 282328276 398627565
397752 114996 306111 294904 206934 400000
400000 1
223180546 608915631 148426200 312460473 313435422 677463934
223180546 608915631 148426200 312460473 313435422 677463934
66680 245591 217486 372607 117276 400000
311992 1
74942916 426121254 114635257 557397353 226873047 587946869
163271154 919722718 457826602 743956277 682099780 933899031
323385724 40102346 52777525 149194338 256632177 407968186
400000 1
152783784 38158409 197687510 12638125 94992057 233542609
152783784 38158409 197687510 12638125 94992057 233542609
165662 209144 165653 365534 57546 400000
21177 1
280031915 77854702 286880740 358708300 612941021 660651471
485730827 198282094 253753710 457372677 51071512 702899306
533774352 257734802 139370597 310661153 423791574 783662961
34698 1
111790272 12158956 33881251 3055786 63269354 130304089
999999999 999999999 0 0 999999999 1000000000
229182635 226912781 124727066 302126665 363694435 431379920
400000 1
562887380 177345678 31738015 388579593 462620225 736046361
562887380 177345678 31738015 388579593 462620225 736046361
292435 306390 100671 361185 100228 400000
34698 1
282309081 347596527 224888791 45690658 94506409 422793296
282309081 347596527 224888791 45690658 94506409 422793296
1815 6560 3164 15279 1007 34698
400000 1
394814532 414334274 68808816 361484480 229083985 434611259
394814532 414334274 68808816 361484480 229083985 434611259
110393 107127 379656 263856 234147 400000
400000 1
121812417 29910604 118436112 164041877 133905130 171924258
121812417 29910604 118436112 164041877 133905130 171924258
136729 277883 195790 288409 246861 400000
310230 1
54888335 113692910 61402699 188570976 167815796 190289301
834391804 441142477 909821329 477019409 447888266 948178143
46816050 21812989 41532594 29516917 10259417 56181651
34698 1
0 0 0 0 0 1000000000
999999999 999999999 0 0 999999999 1000000000
4863831 144761118 14917160 149621642 8287440 170433644
262806 1
948484851 887885125 374403319 929102010 516945440 968444391
375516724 187688069 199844475 366927606 172808548 444835495
39236997 705403252 749010768 27622097 432664 822719945
298795 1
58316304 33654975 134337370 63181554 205486741 273844617
999999999 999999999 0 0 999999999 1000000000
436033914 438921348 17133293 110939662 274365785 475786014
298795 1
924854156 606728114 894683262 911581754 847576766 975384295
143627869 102317015 170866793 56594847 99399535 175963423
188698097 210245028 104531853 285405180 111873267 307526466
121497 1
0 0 0 0 0 1000000000
999999999 999999999 0 0 999999999 1000000000
25769130 392473519 204833344 218447142 47842554 441138375
400000 1
465598238 333188687 462927787 249441560 379484498 809116057
465598238 333188687 462927787 249441560 379484498 809116057
235093 58143 141560 344982 189203 400000
400000 1
324169791 124912423 278553026 174360955 244871656 563138176
324169791 124912423 278553026 174360955 244871656 563138176
168608 139590 5114 336515 362117 400000
400000 1
893382309 45844936 386043204 282351037 780602637 898371557
893382309 45844936 386043204 282351037 780602637 898371557
316778 71308 65911 302895 363157 400000
400000 1
0 0 0 0 0 1000000000
999999999 999999999 0 0 999999999 1000000000
58408467 2391525 324524459 185183297 409388559 591770621
400000 1
0 0 0 0 0 1000000000
166536634 201163688 31778547 146063879 54826786 242181747
472843476 566489311 590957953 766964719 367695704 817310010
400000 1
297506915 611291907 161343573 297064449 366274463 908686821
999999999 999999999 0 0 999999999 1000000000
403112075 93912100 328658313 27585259 275216003 445325654
310230 1
0 0 0 0 0 1000000000
999999999 999999999 0 0 999999999 1000000000
302769668 197831447 114608707 314636866 135673507 669656011
400000 1
263580367 248950024 28211168 219662507 342987321 356850836
51617157 24566232 25433659 21123420 33072931 60380057
105147668 404629844 308671209 149970026 11507306 469541315
216866 1
26982375 22537647 118108369 215458722 4705012 234806475
2333717 3150598 4632431 5702039 4639252 9102354
180407304 147976531 296925231 31124592 106785494 371048044
400000 1
98868769 367931086 366459114 196288376 161158456 698956997
999999999 999999999 0 0 999999999 1000000000
213904484 270094446 334883581 37581784 245348567 375355045
224410 1
745067295 76209561 781756259 492869277 758269352 859308627
399153686 177219116 443712416 286736141 30664426 495756941
88715476 10255727 28207862 79859115 17971824 107774209
1 1
0 0 0 0 0 1
0 0 0 0 0 1
999999999 999999999 0 0 999999999 1000000000
400000 1
58420379 531451585 544889589 521693611 188594151 630458766
58420379 531451585 544889589 521693611 188594151 630458766
388924 109431 217302 157842 325827 400000
214142 1
177787896 182756731 43812590 108237787 150615434 354300196
605387332 574185042 688239751 763292237 186690579 772962866
252686115 310433491 166098125 51984404 61719666 323020215
298795 1
0 0 0 0 0 1000000000
4807871 29837445 50817185 86129394 189234495 193883948
154241595 382098629 130346457 52855223 75763538 577828277
400000 1
82495714 62204277 136255705 102829275 117838869 149671142
82495714 62204277 136255705 102829275 117838869 149671142
4450 164162 168956 36006 233615 400000
400000 1
0 0 0 0 0 1000000000
127224707 128280800 94210941 82776460 138781610 149711611
78049974 489524714 90372467 824132098 273989997 925335343
400000 1
48704188 267719937 143297744 288812158 8463149 427838176
48704188 267719937 143297744 288812158 8463149 427838176
58742 129911 276495 53153 296093 400000
400000 1
0 0 0 0 0 1000000000
412485308 783374821 455001481 277847776 736871264 784769380
426043217 384486390 434266625 365831152 28779364 462989403
400000 1
0 0 0 0 0 1000000000
345485698 178605446 166132586 333706836 52626343 503576974
775727 754540 495390 399440 143058 1104002
376107 1
44554357 1968130 101122416 46672286 107038916 111146820
174023209 142501739 205535137 154740409 141683652 448781067
315426976 115631769 434993699 16657583 209709372 648758162
